5511974072338
5511950469358
5511954572049
5511995907244
5511997989732
5511973565143
5519992759806
5511974721024
5511963739102
5511972486878
5511971092794
5511952299426
5519996367570
5519988084164
5511916283190
5511995243801
5515997224826
5511955575064
5519993652309
5519981788976
5519995527596
5511995209325
5511961883106
5511953049748
5511942233122
5511997908375
5519994502966
5515988401141
5511998656836
5511932623674
5519982187694
5511995951282
5519988387775
5511998744058
5511971641420
5511973024464
5511996018983
5511943460491
5511972019427
5511930955690
5511942957489
5511953537149
5511950947336
5511963925168
5511986325111
5511997428985
5519994445058
5511940670191
5511947064190
5511998801587
5511995066870
5519989906120
5511933436322
5511933165901
5519989226255
5511991969554
5511967626090
5511998004726
5511984695140
5519993438463
5511968495123
5519988258488
5519981706965
5519994489897
5511985117551
5511952317277
5511953032133
5519992568470
5511997175565
5511996509161
5511954599779
5511973335056
5511971206495
5511995191387
5516993571658
5511999132771
5511911953549
5519994676736
5511996287855
5511974266936
5511973042020
5511972256200
5519991474382
5511943422485
5519995223957
5511930165215
5511914664145
5511969981938
5511915486886
5511997845042
5511979623747
5511998654901
5519989586774
5511944683129
5519995951913
5519998620397
5511942575686
5511987773169
5519993034045
5511943880891
5511997985734
5511975959395
5519981699935
5511988887503
5511975497555
5511937361521
5511958743871
5511997502403
5511970890536
5511973937211
5519987700534
5511996926663
5511995765400
5511950431641
5519991838541
5519995273111
5519991524441
5511950282225
5519987806293
5519993151148
5511949551168
5511966252850
5511973596856
5511997169631
5511949451571
5511934759792
5511971122272
5519992172698
5511967829730
5511948172302
